x <- 4+2*3
y <- x*3
